=== NE Disassembly Summary: ../game/CATZDLL.DLL ===
 Seg   Size  Insts Funcs  Far Relocs IntRef Import
----------------------------------------------------
   1  26381  11774  1414  175    557    151    406
   2  18234   6679   340   86    441    433      8
   3  20433   7556   349   44    636    635      1
   4  15345   5347   234   47    583    578      5
   5   4354   1771    94   11    177    177      0
   6  15187   5346   295   29    309    299     10
   7  10105   3736   187   35    249    247      2
   8  16886   6813   484  121    484    483      1
   9  12863   4736   192   38    463    458      5
  10   3496   1315    41    7     76     61     15
  11  34149  10665   422   41   1071   1068      3
  12   5766   1887    84   10    250    237     13
  13   5869   2059   135   39    113    113      0
  14   7666   2842   146   35    112    112      0
  15   8010   2870   270   10     54     54      0
  16  20185   7761   413   49    597    597      0
  17     52     32     3    2      2      2      0
  18   8342   3065   151   27    220    150     70
  19   3497   1287    82   19     69     69      0
  20   9644   3789   141   13    585    293    292
  21   2021    828    33    6    120    120      0
  22  12080   4349   286   48    206    191     15
  23  22713   8504   480   74    257    246     11
  24   9566   3550   232   53    129    121      8
  25  17951   6435   371   31    193    179     14
  26   7705   2927   167   52    123    123      0
  27   6726   2691   130   25    249    249      0
  28   8158   3029   218   40    119    116      3
  29   7180   2603   224   28    133    102     31
  30   7209   2719   172   68    107     91     16
  31   6383   2364   151   40    115     81     34
  32  22622   9258   456  120   1800   1570    230
  33   5684   2123    87   32    107    101      6
  34  16624   5593   225   16    613    598     15
  35   6758   2700   128   14    198    194      4
  36  17369   6220   104   13    145     94     51
  37   4082   1832   107   39    116     18     98
  38   5277   2261   156   32    411     84    327
  39  13971   5594   327   24    174    174      0
  40  27735  10785   479   53    822    651    171
  41   8293   2735   134    5    139    133      6
  42   7566   3177   216   54    252    171     81
  43   6829   2840   207   35    278    258     20
  44  51224  20524  1005   95   1895   1285    610
  45   7020   3054   186   46    300    203     97
  46   3001   1192    98   22     75     68      7
  47  31972  12590   515   56    737    573    164
  48   7555   3454   260   74    238    160     78
  49  14032   5196   425   47    113    113      0
  50   3128   1305    78   19    112    112      0
----------------------------------------------------
     614898 233762 13134 2099  17423

Total: 13134 functions (2099 far), 233762 instructions
