=== Code Segment Clusters for ../game/CATZDLL.DLL ===
Total clusters: 1

Cluster 1: 50 segments, 614,898 bytes
  1(26381), 2(18234), 3(20433), 4(15345), 5(4354), 6(15187), 7(10105), 8(16886), 9(12863), 10(3496)
  11(34149), 12(5766), 13(5869), 14(7666), 15(8010), 16(20185), 17(52), 18(8342), 19(3497), 20(9644)
  21(2021), 22(12080), 23(22713), 24(9566), 25(17951), 26(7705), 27(6726), 28(8158), 29(7180), 30(7209)
  31(6383), 32(22622), 33(5684), 34(16624), 35(6758), 36(17369), 37(4082), 38(5277), 39(13971), 40(27735)
  41(8293), 42(7566), 43(6829), 44(51224), 45(7020), 46(3001), 47(31972), 48(7555), 49(14032), 50(3128)

